Vin=5;
R=1000;
C=1e-6;